132,2
132,1
132,0
131,4
131,3
131,2
131,1
131,0
130,2
130,1
130,0
129,3
129,2
129,1
129,0
128,4
128,3
128,2
128,1
128,0
127,5
127,4
127,3
127,2
127,1
127,0
97,4
97,3
97,2
97,1
97,0
94,4
94,3
94,2
94,1
94,0
91,4
91,3
91,2
91,1
91,0
90,4
90,3
90,2
90,1
90,0
89,5
89,4
89,3
89,2
89,1
89,0
88,4
88,3
88,2
88,1
88,0
87,4
87,3
87,2
87,1
87,0
86,4
86,3
86,2
86,1
86,0
85,3
85,2
85,1
85,0
4,3
4,2
4,1
4,0
3,6
3,5
3,4
3,3
3,2
3,1
3,0
2,5
2,4
2,2
2,1
2,0
1,2
1,1
1,0
0,419
0,408
0,381
0,366
0,364
0,357
0,356
0,355
0,352
0,347
0,341
0,339
0,338
2,3
0,333
0,325
0,322
0,243
0,1
0,0
1,3
130,3
0,9
0,310
0,305
0,308
0,304
0,303
0,302
0,307
0,12
0,10
0,8
0,412
0,300
0,431
0,299
0,411
0,298
0,410
0,297
0,409
0,296
0,430
0,295
0,407
0,294
0,406
0,293
0,405
0,292
0,404
0,291
0,429
0,290
0,428
0,289
0,403
0,288
0,402
0,287
0,401
0,286
0,400
0,285
0,399
0,284
0,437
0,283
0,398
0,282
0,397
0,281
0,396
0,280
0,395
0,279
0,394
0,278
0,427
0,277
0,426
0,276
132,3
133,0
133,2
133,3
134,1
134,2
135,0
135,2
135,3
136,1
136,2
137,0
137,2
137,3
138,1
138,2
139,0
139,1
139,3
140,1
140,2
140,3
140,0
139,2
138,3
138,0
137,1
136,3
136,0
135,1
134,3
134,0
133,1
0,392
0,275
0,391
0,274
0,393
0,273
0,390
0,272
0,389
0,271
0,388
0,270
0,387
0,269
0,386
0,268
0,385
0,267
0,425
0,266
0,384
0,265
0,383
0,264
0,382
0,263
0,424
0,262
0,261
0,380
0,260
0,379
0,259
0,378
0,258
0,423
0,257
0,436
0,256
0,377
0,255
0,376
0,254
0,375
0,253
0,374
0,252
0,373
0,251
0,372
0,250
0,371
0,249
0,435
0,248
0,422
0,247
0,370
0,246
0,369
0,245
0,368
0,244
0,367
0,242
0,241
0,365
0,240
0,444
0,239
0,421
0,238
0,434
0,237
0,363
0,236
0,362
0,235
0,361
0,234
0,360
0,233
0,359
0,232
0,358
0,231
0,416
0,230
0,323
0,229
0,443
0,228
0,321
0,227
0,439
0,226
0,354
0,225
0,353
0,224
0,223
0,418
0,222
0,417
0,221
0,351
0,220
0,350
0,219
0,349
0,218
0,348
0,217
0,318
0,216
0,346
0,215
0,345
0,214
0,344
0,213
0,306
0,212
0,415
0,211
0,343
0,210
0,342
0,209
0,447
0,208
0,340
0,207
0,442
0,206
0,441
0,205
0,337
0,204
0,336
0,203
0,414
0,202
0,335
0,201
0,334
0,200
0,440
0,199
0,332
0,198
0,331
0,197
0,327
0,196
0,433
0,195
0,330
0,194
0,329
0,193
0,326
0,192
0,63
0,324
0,62
0,445
0,61
0,446
0,60
0,420
0,59
0,320
0,58
0,413
0,57
0,319
0,56
0,438
0,55
0,317
0,54
0,432
0,53
0,316
0,52
0,315
0,51
0,314
0,50
0,313
0,49
0,312
0,48
0,311
0,47
0,309
0,46
0,328
0,45
0,301
0,6
0,5
0,11
0,4
0,2
0,3
0,7
